5 0.140234 0.108854 0.100781 0.128125
3 0.266016 0.078646 0.096094 0.130208
2 0.357422 0.128646 0.089844 0.119792
4 0.316797 0.237500 0.086719 0.110417
2 0.192188 0.230729 0.089063 0.123958
0 0.104688 0.271875 0.073438 0.102083
5 0.095312 0.428646 0.103125 0.134375
4 0.359766 0.401042 0.086719 0.116667
4 0.312109 0.554688 0.086719 0.117708
1 0.518359 0.398438 0.085156 0.117708
3 0.408203 0.666146 0.099219 0.130208
2 0.447656 0.794271 0.089063 0.123958
1 0.364063 0.856771 0.085938 0.117708
0 0.528906 0.746354 0.071875 0.098958
5 0.620703 0.733854 0.100781 0.136458
2 0.499609 0.611458 0.092969 0.122917
5 0.590625 0.555729 0.101562 0.132292
0 0.689063 0.488542 0.073438 0.097917
1 0.727344 0.596354 0.084375 0.117708
4 0.923047 0.644792 0.083594 0.114583
3 0.879297 0.447917 0.096094 0.122917
0 0.550000 0.263542 0.073438 0.104167
1 0.711719 0.360417 0.084375 0.116667
3 0.685156 0.169792 0.093750 0.125000
