0 0.106250 0.497917 0.082812 0.112500
2 0.287891 0.350521 0.102344 0.130208
1 0.388672 0.304167 0.094531 0.125000
3 0.316797 0.205729 0.102344 0.140625
3 0.451172 0.141146 0.103906 0.136458
2 0.491406 0.280729 0.098437 0.134375
3 0.564063 0.163021 0.103125 0.132292
1 0.659375 0.220312 0.090625 0.121875
0 0.585156 0.305208 0.081250 0.108333
1 0.673828 0.363542 0.089844 0.122917
2 0.597656 0.453646 0.100000 0.130208
5 0.700781 0.504687 0.106250 0.138542
4 0.857812 0.528125 0.085938 0.116667
2 0.740625 0.643229 0.095312 0.136458
5 0.619531 0.613542 0.103125 0.143750
3 0.667188 0.751042 0.096875 0.141667
0 0.762500 0.797396 0.078125 0.105208
1 0.664453 0.890104 0.094531 0.130208
5 0.551953 0.771875 0.105469 0.152083
4 0.489844 0.651042 0.087500 0.118750
0 0.530469 0.545312 0.079687 0.109375
4 0.477734 0.446875 0.086719 0.118750
4 0.368359 0.429688 0.094531 0.119792
5 0.402734 0.563021 0.108594 0.148958
