5 0.085938 0.762500 0.101562 0.145833
4 0.378125 0.764583 0.082812 0.118750
5 0.556641 0.820833 0.105469 0.145833
5 0.296875 0.684375 0.103125 0.137500
0 0.203125 0.643750 0.075000 0.104167
4 0.260547 0.553125 0.085156 0.116667
0 0.080469 0.428125 0.075000 0.106250
2 0.307812 0.318750 0.090625 0.127083
4 0.167187 0.178646 0.081250 0.107292
3 0.355469 0.113021 0.101562 0.126042
3 0.451562 0.187500 0.090625 0.122917
1 0.457813 0.325521 0.085938 0.117708
3 0.564063 0.139583 0.098437 0.127083
2 0.578906 0.270313 0.093750 0.123958
0 0.673047 0.295312 0.074219 0.101042
1 0.824219 0.170833 0.090625 0.112500
1 0.711328 0.414583 0.088281 0.114583
2 0.598828 0.441146 0.088281 0.123958
5 0.706641 0.551042 0.102344 0.139583
3 0.771875 0.696875 0.100000 0.135417
1 0.692578 0.875000 0.094531 0.122917
0 0.843750 0.851562 0.076563 0.107292
2 0.876563 0.612500 0.090625 0.125000
4 0.922266 0.503646 0.078906 0.109375
