0 0.596354 0.096484 0.092708 0.067969
2 0.551042 0.170313 0.112500 0.090625
3 0.690104 0.217969 0.117708 0.090625
3 0.588021 0.272656 0.119792 0.089063
4 0.836458 0.187109 0.102083 0.080469
1 0.470833 0.294922 0.108333 0.082031
4 0.425000 0.195703 0.110417 0.080469
0 0.326562 0.245312 0.101042 0.068750
5 0.198958 0.245312 0.125000 0.090625
5 0.236458 0.355859 0.116667 0.092969
4 0.325521 0.421875 0.101042 0.075000
5 0.308854 0.531641 0.123958 0.089844
5 0.434375 0.564453 0.116667 0.092969
2 0.564583 0.494531 0.112500 0.085938
0 0.646354 0.441016 0.090625 0.072656
2 0.640625 0.358203 0.108333 0.085156
3 0.848958 0.414844 0.116667 0.090625
1 0.759896 0.501172 0.109375 0.080469
1 0.612500 0.600781 0.100000 0.081250
4 0.690625 0.692187 0.106250 0.078125
2 0.460417 0.697266 0.110417 0.083594
3 0.351042 0.639844 0.120833 0.090625
1 0.213021 0.612500 0.111458 0.078125
0 0.259896 0.691797 0.094792 0.067969
