5 0.540625 0.209375 0.096875 0.129167
5 0.359375 0.250521 0.096875 0.130208
0 0.207031 0.260937 0.070312 0.096875
0 0.259766 0.374479 0.067969 0.094792
1 0.338672 0.419271 0.082031 0.115625
1 0.252865 0.488194 0.084375 0.114583
2 0.411328 0.504687 0.086719 0.119792
2 0.503516 0.517708 0.091406 0.122917
3 0.591406 0.416146 0.095312 0.123958
0 0.632812 0.595313 0.075000 0.101042
2 0.591797 0.743750 0.092969 0.125000
4 0.428906 0.836979 0.089063 0.111458
5 0.339844 0.768229 0.098437 0.134375
1 0.107813 0.713021 0.082812 0.115625
5 0.099219 0.433333 0.095312 0.131250
0 0.798047 0.870833 0.075781 0.102083
3 0.730859 0.770312 0.094531 0.128125
4 0.905990 0.805556 0.082812 0.114583
1 0.875391 0.685417 0.089844 0.114583
3 0.905859 0.533854 0.096094 0.130208
4 0.749219 0.351562 0.085938 0.109375
4 0.797005 0.222222 0.088281 0.112500
3 0.930859 0.226042 0.099219 0.127083
2 0.869531 0.354687 0.095312 0.121875
