3 0.518750 0.098437 0.133333 0.098437
5 0.376563 0.188281 0.126042 0.101562
1 0.244792 0.170703 0.116667 0.091406
5 0.494792 0.264844 0.122917 0.098437
3 0.595313 0.347266 0.126042 0.097656
4 0.767708 0.236328 0.116667 0.085156
1 0.820833 0.364063 0.118750 0.087500
4 0.697396 0.458203 0.117708 0.085156
0 0.441667 0.375391 0.097917 0.074219
2 0.532813 0.445312 0.121875 0.095312
0 0.130729 0.362500 0.105208 0.073438
0 0.117188 0.465234 0.101042 0.075781
2 0.290625 0.454297 0.118750 0.092969
2 0.431019 0.561892 0.122917 0.093750
3 0.599479 0.595703 0.130208 0.103906
2 0.851042 0.690234 0.131250 0.099219
4 0.650521 0.734766 0.119792 0.088281
0 0.730208 0.848047 0.104167 0.078906
3 0.580208 0.880859 0.137500 0.103906
1 0.425521 0.813281 0.121875 0.092188
4 0.171875 0.813672 0.118750 0.082031
1 0.302083 0.639453 0.116667 0.086719
5 0.158854 0.602344 0.128125 0.101562
5 0.478125 0.687891 0.139583 0.102344
