3 0.580208 0.119141 0.131250 0.089844
5 0.436979 0.195703 0.128125 0.096094
1 0.311458 0.170703 0.114583 0.082031
0 0.178125 0.351562 0.095833 0.073438
0 0.485938 0.380078 0.092708 0.072656
5 0.545833 0.274609 0.125000 0.092969
3 0.640104 0.361328 0.121875 0.091406
1 0.853125 0.385547 0.118750 0.086719
4 0.812500 0.260547 0.112500 0.080469
4 0.727083 0.472656 0.112500 0.084375
2 0.567187 0.452344 0.123958 0.092188
2 0.330208 0.449609 0.122917 0.091406
0 0.156250 0.451562 0.089583 0.075000
2 0.458333 0.559766 0.120833 0.089844
3 0.618750 0.600781 0.131250 0.098437
5 0.489063 0.691016 0.132292 0.103906
4 0.658854 0.744922 0.115625 0.088281
2 0.857812 0.708594 0.126042 0.095312
0 0.731771 0.859766 0.103125 0.075781
3 0.575521 0.888672 0.136458 0.099219
1 0.426563 0.813672 0.119792 0.088281
4 0.170833 0.802344 0.112500 0.087500
1 0.320312 0.633984 0.115625 0.088281
5 0.181250 0.585547 0.122917 0.099219
