3 0.603125 0.112109 0.133333 0.102344
5 0.450000 0.200781 0.135417 0.104688
1 0.316146 0.176563 0.115625 0.090625
5 0.570833 0.285547 0.135417 0.103906
4 0.855729 0.267188 0.115625 0.089063
1 0.898958 0.402344 0.122917 0.093750
3 0.667188 0.376172 0.138542 0.103906
0 0.507292 0.398047 0.106250 0.075781
0 0.185417 0.368750 0.106250 0.075000
0 0.166146 0.475781 0.101042 0.076563
2 0.341667 0.472266 0.127083 0.094531
2 0.590625 0.473438 0.127083 0.095312
4 0.763021 0.496094 0.115625 0.089063
2 0.480729 0.585938 0.123958 0.096875
3 0.645312 0.631250 0.140625 0.104688
5 0.515625 0.722266 0.137500 0.103906
4 0.689583 0.778125 0.116667 0.093750
0 0.763021 0.894922 0.103125 0.080469
1 0.455208 0.844141 0.120833 0.089844
3 0.607812 0.921094 0.130208 0.100000
4 0.195833 0.831641 0.112500 0.088281
1 0.342708 0.662500 0.118750 0.089063
2 0.902083 0.742188 0.133333 0.103125
5 0.196354 0.615625 0.130208 0.101562
