4 0.649479 0.093359 0.117708 0.085156
3 0.432812 0.115625 0.126042 0.093750
1 0.503646 0.196484 0.111458 0.085156
1 0.619792 0.263672 0.118750 0.091406
0 0.515104 0.300391 0.092708 0.078906
1 0.384896 0.333594 0.117708 0.089063
0 0.362500 0.211719 0.095833 0.070312
3 0.223438 0.229687 0.130208 0.093750
2 0.197917 0.476172 0.125000 0.096094
4 0.317708 0.535937 0.108333 0.087500
4 0.250000 0.611328 0.114583 0.083594
3 0.133854 0.660547 0.123958 0.097656
4 0.299479 0.741406 0.117708 0.087500
2 0.463542 0.624609 0.129167 0.092969
0 0.608333 0.671875 0.100000 0.076563
2 0.588021 0.763672 0.134375 0.091406
1 0.648438 0.857031 0.123958 0.089063
3 0.453125 0.772656 0.131250 0.100000
5 0.433333 0.923047 0.129167 0.102344
0 0.268229 0.912109 0.103125 0.075781
2 0.224479 0.823828 0.121875 0.094531
5 0.101562 0.876172 0.134375 0.103906
5 0.705208 0.525000 0.141667 0.104688
5 0.560937 0.401172 0.136458 0.099219
